{"camera":{"position":{"x":-130.0,"y":97.0,"z":-170.0},"angle":{"x":20.0,"y":-40.0,"z":0.0},"rotation":[[0.7700930003788744,0.14872136045934112,0.62035371177303922,0.0],[0.0827981770235646,0.94091803724530287,-0.32835607055149951,0.0],[-0.63253555840682885,0.30422886800823062,0.7122805368823385,0.0],[0.0,0.0,0.0,1.0]]},"spheres":[{"radius":7.0,"name":"основная_сфера","C":{"x":0.0,"y":48.5,"z":0.0},"moving":true,"material":{"color":{"x":255.0,"y":255.0,"z":255.0},"specular":10.0,"reflective":0.3}},{"radius":7.0,"name":"левая_сфера","C":{"x":41.346475314579976,"y":48.5,"z":15.048886306329489},"moving":true,"material":{"color":{"x":255.0,"y":255.0,"z":0.0},"specular":10.0,"reflective":0.3}},{"radius":7.0,"name":"правая_сфера","C":{"x":-41.346475314579976,"y":48.5,"z":-15.048886306329489},"moving":true,"material":{"color":{"x":255.0,"y":255.0,"z":0.0},"specular":10.0,"reflective":0.3}},{"radius":7.0,"name":"дальняя_сфера","C":{"x":15.048886306329489,"y":48.5,"z":-41.346475314579976},"moving":true,"material":{"color":{"x":255.0,"y":255.0,"z":0.0},"specular":10.0,"reflective":0.3}},{"radius":7.0,"name":"ближняя_сфера","C":{"x":-15.048886306329489,"y":48.5,"z":41.346475314579976},"moving":true,"material":{"color":{"x":255.0,"y":255.0,"z":0.0},"specular":10.0,"reflective":0.3}}],"cylinders":[{"V":{"x":0.0,"y":1.0,"z":0.0},"radius":5.0,"maxm":40.0,"name":"основной_цилиндр","C":{"x":0.0,"y":1.5,"z":0.0},"moving":false,"material":{"color":{"x":192.0,"y":192.0,"z":192.0},"specular":50.0,"reflective":0.0}},{"V":{"x":0.93969262078590854,"y":0.0,"z":0.34202014332566988},"radius":2.0,"maxm":30.0,"name":"левый_цилиндр","C":{"x":6.5778483455013506,"y":48.5,"z":2.3941410032796857},"moving":true,"material":{"color":{"x":255.0,"y":128.0,"z":192.0},"specular":10.0,"reflective":0.0}},{"V":{"x":-0.93969262078590854,"y":0.0,"z":-0.34202014332566988},"radius":2.0,"maxm":30.0,"name":"правый_цилиндр","C":{"x":-6.5778483455013506,"y":48.5,"z":-2.3941410032796857},"moving":true,"material":{"color":{"x":255.0,"y":128.0,"z":192.0},"specular":10.0,"reflective":0.0}},{"V":{"x":-0.34202014332566988,"y":0.0,"z":0.93969262078590854},"radius":2.0,"maxm":30.0,"name":"ближний_цилиндр","C":{"x":-2.3941410032796857,"y":48.5,"z":6.5778483455013506},"moving":true,"material":{"color":{"x":255.0,"y":128.0,"z":192.0},"specular":10.0,"reflective":0.0}},{"V":{"x":0.34202014332566988,"y":0.0,"z":-0.93969262078590854},"radius":2.0,"maxm":30.0,"name":"дальний_цилиндр","C":{"x":2.3941410032796857,"y":48.5,"z":-6.5778483455013506},"moving":true,"material":{"color":{"x":255.0,"y":128.0,"z":192.0},"specular":10.0,"reflective":0.0}}],"trianglePyramids":[],"parallelepipeds":[{"E":{"x":30.0,"y":0.5,"z":30.0},"name":"основание1","C":{"x":-30.0,"y":0.0,"z":-30.0},"moving":false,"material":{"color":{"x":255.0,"y":0.0,"z":0.0},"specular":10.0,"reflective":0.0}},{"E":{"x":20.0,"y":1.0,"z":20.0},"name":"основание2","C":{"x":-20.0,"y":0.5,"z":-20.0},"moving":false,"material":{"color":{"x":255.0,"y":0.0,"z":0.0},"specular":10.0,"reflective":0.0}},{"E":{"x":10.0,"y":1.5,"z":10.0},"name":"основание3","C":{"x":-10.0,"y":1.0,"z":-10.0},"moving":false,"material":{"color":{"x":255.0,"y":0.0,"z":0.0},"specular":10.0,"reflective":0.0}}],"plane":[{"V":{"x":0.0,"y":1.0,"z":0.0},"name":"плоскость основания","C":{"x":0.0,"y":0.0,"z":0.0},"moving":false,"material":{"color":{"x":248.0,"y":191.0,"z":86.0},"specular":1.0,"reflective":0.0}}],"lights":[{"name":"фоновое освещение","ltype":0,"position":{"x":0.0,"y":0.0,"z":0.0},"intensity":0.2},{"name":"направленный источник","ltype":2,"position":{"x":-15.0,"y":15.0,"z":33.0},"intensity":0.2},{"name":"точечный_1","ltype":1,"position":{"x":-5.0,"y":6.0,"z":5.0},"intensity":0.6},{"name":"точечный_2","ltype":1,"position":{"x":16.0,"y":10.0,"z":-10.0},"intensity":0.4}]}